            CPU0       CPU1       CPU2       CPU3       CPU4       CPU5       CPU6       CPU7       CPU8       CPU9       CPU10      CPU11      CPU12      CPU13      CPU14      CPU15      CPU16      CPU17      CPU18      CPU19      CPU20      CPU21      CPU22      CPU23      
  96:          8          0          0          0          0          0    3456372      43363     284180     328975    2467430   16825338          0          0          0          0          0          0    1906701      48520     733995    4558140    2010793    3157436  IR-PCI-MSI 69208064-edge      eth3-TxRx-0
  97:          0          6          0          0          0          0    7391212     112863    6236327     477598      93760    8568366          0          0          0          0          0          0     223666    3618581     320710     241320    1302523     419541  IR-PCI-MSI 69208065-edge      eth3-TxRx-1
  98:          0          0          6          0          0          0     630828      97013   12022027    3292436    4726963      44386          0          0          0          0          0          0     131526    5440890     563846     189789    1072624     149346  IR-PCI-MSI 69208066-edge      eth3-TxRx-2
  99:          0          0          0          6          0          0     425609    3579338    8724649    1049048     134235     250065          0          0          0          0          0          0     285681     395012    5541348    4491892    4599755     141275  IR-PCI-MSI 69208067-edge      eth3-TxRx-3
 100:          0          0          0          0          6          0    8859164    1680399     194986    4416495    2441269      60803          0          0          0          0          0          0    3841603     182013     126486     376796    1014946    5341195  IR-PCI-MSI 69208068-edge      eth3-TxRx-4
 101:          0          0          0          0          0          6     103189    7022095    1131704    1256672     489276    6845987          0          0          0          0          0          0     294794    3700040     216761    4649129     935886     916748  IR-PCI-MSI 69208069-edge      eth3-TxRx-5
 102:          0          0          0          0          0          0     602784      64272      49326    1430506     103008    2831518          0          0          0          0          0          0   15556595    5515203    4293746      21941      49736    4740119  IR-PCI-MSI 69208070-edge      eth3-TxRx-6
 103:          0          0          0          0          0          0    1523599      89470     153748     458047    7917681    9945207          0          0          0          0          0          0    6206909     301105      30351    2116361    5955020     120118  IR-PCI-MSI 69208071-edge      eth3-TxRx-7
 104:          0          0          0          0          0          0    1405381     125472    5016069    4297435    1556801      12269          0          0          0          0          0          0    2981515     176214    4495123    9408318    2300447    3320307  IR-PCI-MSI 69208072-edge      eth3-TxRx-8
 105:          0          0          0          0          0          0    1088414    7731124    1278921    2805902     909585     798756          0          0          0          0          0          0      89704      91614    9303955    2819672    7391414     414257  IR-PCI-MSI 69208073-edge      eth3-TxRx-9
 106:          0          0          0          0          0          0    4630135    8338108     649072     862672    7032338    6146610          0          0          0          0          0          0     513395      26005    4069451     813080     284507    2051074  IR-PCI-MSI 69208074-edge      eth3-TxRx-10
 107:          0          0          0          0          0          0     105893   12182709      87882    5637983     664861    2309966          0          0          0          0          0          0     505670     203373   12626903     270573     975873      84972  IR-PCI-MSI 69208075-edge      eth3-TxRx-11
 108:          0          0          0          0          0          0    7728901      70506    5302395    6939366     166977     152905          6          0          0          0          0          0     119133    2598238    3822276      14911    1286202     195097  IR-PCI-MSI 69208076-edge      eth3-TxRx-12
 109:          0          0          0          0          0          0      97416     256271    3787870     206898    2937652     199757          0          6          0          0          0          0    5114002     592262    1653504     181630      89571   12406502  IR-PCI-MSI 69208077-edge      eth3-TxRx-13
 110:          0          0          0          0          0          0    2705207    1222432     215313     830344    8791638     109100          0          0          6          0          0          0    2733306    7681665    1339655     360548      80005    1834655  IR-PCI-MSI 69208078-edge      eth3-TxRx-14
 111:          0          0          0          0          0          0     344068    6318368     568750    1653583      55248     441161          0          0          0          6          0          0    4361659    3321408    3010244    3142797      57840    4369050  IR-PCI-MSI 69208079-edge      eth3-TxRx-15
 112:          0          0          0          0          0          0     352841     423446    5104925     247072    4318012      65239          0          0          0          0          6          0     128404     168534     144649     122831   11411143      65885  IR-PCI-MSI 69208080-edge      eth3-TxRx-16
 113:          0          0          0          0          0          0     944949     167727     275209      38791      52101     190866          0          0          0          0          0          6     191974   12937655    3118536      83168    2867847    1607870  IR-PCI-MSI 69208081-edge      eth3-TxRx-17
 114:          0          0          0          0          0          0   18094192      43833     114048      21307      42171     104550          0          0          0          0          0          0     191718    4596217     485955      59210     129311    8307550  IR-PCI-MSI 69208082-edge      eth3-TxRx-18
 115:          0          0          0          0          0          0    2209017      94072     754414     402903   11196997    1086200          0          0          0          0          0          0    3018885    1845313     113385       7557   10707488     116220  IR-PCI-MSI 69208083-edge      eth3-TxRx-19
 116:          0          0          0          0          0          0      80681    1656459     154988    9186329    3352955      91611          0          0          0          0          0          0     118214     230460      66486    9550627      61392    7796769  IR-PCI-MSI 69208084-edge      eth3-TxRx-20
 117:          0          0          0          0          0          0     127718     702475   11883309     668581     652701      72657          0          0          0          0          0          0    5263927     165919    7098912     563553    4556462     276892  IR-PCI-MSI 69208085-edge      eth3-TxRx-21
 118:          0          0          0          0          0          0     264934    5635752     984182    1981136     192351     829406          0          0          0          0          0          0    3599122    5610434      44834   11273335    1538685     285003  IR-PCI-MSI 69208086-edge      eth3-TxRx-22
 119:          0          0          0          0          0          0     107148      47220     167779    7058441    3187767     544832          0          0          0          0          0          0    1171185    6238253    1419560    2989465       7657    9011168  IR-PCI-MSI 69208087-edge      eth3-TxRx-23
 120:          0          0          0          0          0          0        100        129         12         50        257         71          0          0          0          0          0          0         10        144         10         27         76        354  IR-PCI-MSI 69208088-edge      eth3
 