            CPU0       CPU1       CPU2       CPU3       CPU4       CPU5       CPU6       CPU7       CPU8       CPU9       CPU10      CPU11      CPU12      CPU13      CPU14      CPU15      CPU16      CPU17      CPU18      CPU19      CPU20      CPU21      CPU22      CPU23      
  96:    1544201          0          0          0          0          0    3456372      43363     284180     328975    2467430   16825338          0          0          0          0          0          0    4469202      48520     733995    4558140    2010793    3157436  IR-PCI-MSI 69208064-edge      eth3-TxRx-0
  97:          0    1802512          0          0          0          0    7391212     112863    6236327     477598      93760    8568366          0          0          0          0          0          0     223666    3618581     320710     241320    3613369     419541  IR-PCI-MSI 69208065-edge      eth3-TxRx-1
  98:          0          0    2095214          0          0          0     630828      97013   12022027    3292436    4726963      44386          0          0          0          0          0          0     131526    6942583     563846     189789    1072624     149346  IR-PCI-MSI 69208066-edge      eth3-TxRx-2
  99:          0          0          0    1420406          0          0     673653    3579338    8724649    1049503     134235     250065          0          0          0          0          0          0     286010     395012    5541348    4491892    4599755     507588  IR-PCI-MSI 69208067-edge      eth3-TxRx-3
 100:          0          0          0          0    2687901          0    8859164    1680399     194986    4416495    4765107      60803          0          0          0          0          0          0    3841603     182013     126486     376796    1014946    5341195  IR-PCI-MSI 69208068-edge      eth3-TxRx-4
 101:          0          0          0          0          0    2561891     103189    7022095    1131704    1256672     489276    6845987          0          0          0          0          0          0     294794    3700040     596486    6450943     935886     916748  IR-PCI-MSI 69208069-edge      eth3-TxRx-5
 102:          0          0          0          0          0          0    2886989      64272      49326    1430506     103008    4254139          0          0          0          0          0          0   15556595    5515203    4361580      21941      49736    4740119  IR-PCI-MSI 69208070-edge      eth3-TxRx-6
 103:          0          0          0          0          0          0    2947323    2571755     153748     458047    7917681    9945207          0          0          0          0          0          0    6206909     301105      30351    2116361    5955020     120118  IR-PCI-MSI 69208071-edge      eth3-TxRx-7
 104:          0          0          0          0          0          0    1405381     125472    7468061    6030628    1556801      12269          0          0          0          0          0          0    2981515     176214    4495123    9408318    2300447    3320307  IR-PCI-MSI 69208072-edge      eth3-TxRx-8
 105:          0          0          0          0          0          0    1088414    7731124    1278921    6725519     909585     798756          0          0          0          0          0          0      89704      91614    9303955    2819672    7391414     688090  IR-PCI-MSI 69208073-edge      eth3-TxRx-9
 106:          0          0          0          0          0          0    4630135    8338108     649072     862672    9466397    6146610          0          0          0          0          0          0     513395      26005    4069451     813080     284507    2735566  IR-PCI-MSI 69208074-edge      eth3-TxRx-10
 107:          0          0          0          0          0          0     105893   12182709      87882    5637983     664861    4641794          0          0          0          0          0          0     505670     203373   12626903     710291     975873     516070  IR-PCI-MSI 69208075-edge      eth3-TxRx-11
 108:          0          0          0          0          0          0    7728901      70506    5302395    6939366     166977     152905    1453265          0          0          0          0          0     119133    4057003    3822276      14911    1286202     195097  IR-PCI-MSI 69208076-edge      eth3-TxRx-12
 109:          0          0          0          0          0          0    1286007     256271    4162015     206898    2937652     199757          0    1622073          0          0          0          0    5114002     611732    1653504     181630      89571   12406502  IR-PCI-MSI 69208077-edge      eth3-TxRx-13
 110:          0          0          0          0          0          0    2705207    1222432     215313     883817    8872248    1119396          0          0    1613498          0          0          0    2733306    7681665    1508395     360548      80005    1834655  IR-PCI-MSI 69208078-edge      eth3-TxRx-14
 111:          0          0          0          0          0          0     344068    8618070     568750    1653583      55248     441161          0          0          0    1669505          0          0    4361659    3321408    3010244    3142797      57840    4369050  IR-PCI-MSI 69208079-edge      eth3-TxRx-15
 112:          0          0          0          0          0          0     352841     423446    5105487     283635    4318012      65244          0          0          0          0      15255          0     128404     168534     144649     122841   11412156      65885  IR-PCI-MSI 69208080-edge      eth3-TxRx-16
 113:          0          0          0          0          0          0     944949     167727     275761      39886      52101     190871          0          0          0          0          0      16091     191974   12937655    3118536      83178    2904726    1607870  IR-PCI-MSI 69208081-edge      eth3-TxRx-17
 114:          0          0          0          0          0          0   18094192      44875     114612      56493      42171     105100          0          0          0          0          0          0     204838    4596217     485955      59220     129311    8307550  IR-PCI-MSI 69208082-edge      eth3-TxRx-18
 115:          0          0          0          0          0          0    2209017      94072     754949     402913   11234025    1086205          0          0          0          0          0          0    3018980    1858580     113385       8761   10707488     116220  IR-PCI-MSI 69208083-edge      eth3-TxRx-19
 116:          0          0          0          0          0          0     116262    1656459     155505    9187467    3352995      91617          0          0          0          0          0          0     118214     230460      79852    9550637      61392    7796769  IR-PCI-MSI 69208084-edge      eth3-TxRx-20
 117:          0          0          0          0          0          0     127718     737815   11883836     668597     652701      72657          0          0          0          0          0          0    5263927     165919    7098923     576891    4556462     278029  IR-PCI-MSI 69208085-edge      eth3-TxRx-21
 118:          0          0          0          0          0          0     264934    5635752     984723    1981145     192351     829411          0          0          0          0          0          0    3599151    5610434      82187   11273346    1552750     285003  IR-PCI-MSI 69208086-edge      eth3-TxRx-22
 119:          0          0          0          0          0          0     145355      47220     168362    7059758    3187767     544841          0          0          0          0          0          0    1171185    6238253    1419560    2992555       7657    9024370  IR-PCI-MSI 69208087-edge      eth3-TxRx-23
 120:          0          0          0          0          0          0        100        129         12         50        257         71          0          0          0          0          0          0         10        144         10         27         76        354  IR-PCI-MSI 69208088-edge      eth3
