            CPU0       CPU1       CPU2       CPU3       CPU4       CPU5       CPU6       CPU7       CPU8       CPU9       CPU10      CPU11      CPU12      CPU13      CPU14      CPU15      CPU16      CPU17      CPU18      CPU19      CPU20      CPU21      CPU22      CPU23      
   0:         89          0          0          0          0          0          0          0          0          0          0          0          0          0          0          0          0          0          0          0          0          0          0          0  IR-IO-APIC    2-edge      timer
   8:          1          0          0          0          0          0          0          0          0          0          0          0          0          0          0          0          0          0          0          0          0          0          0          0  IR-IO-APIC    8-edge      rtc0
   9:          0          0          0          0          0          0          0          0          0          0          0          0          0          0          0          0          0          0          0          0          0          0          0          0  IR-IO-APIC    9-fasteoi   acpi
  14:          0          0          0          0          0          0          0          0          0          0          0          0          0          0          0          0          0          0          0          0          0          0          0          0  IR-IO-APIC   14-edge      ata_piix
  15:          0          0          0          0          0          0          0          0          0          0          0          0          0          0          0          0          0          0          0          0          0          0          0          0  IR-IO-APIC   15-edge      ata_piix
  16:         29          0          0          0          0          0          0          0          0          0          0          0          0          0          0          0          0          0          0          0          0          0          0          0  IR-IO-APIC   16-fasteoi   ehci_hcd:usb1
  18:          0          0          0          0          0          0          0          0          0          0          0          0          0          0          0          0          0          0          0          0          0          0          0          0  IR-IO-APIC   18-fasteoi   i801_smbus
  19:          0          0          0          0          0          0          0          0          0          0          0          0          0          0          0          0          0          0          0          0          0          0          0          0  IR-IO-APIC   19-fasteoi   ata_piix
  23:        119          0          0          0          0          0          0          0          0          0          0          0          0          0          0          0          0          0          0          0          0          0          0          0  IR-IO-APIC   23-fasteoi   ehci_hcd:usb2
  50:     137417          0          0          0          0          0          0          0          0          0          0          0          0          0          0          0          0          0          0          0          0          0          0          0  IR-PCI-MSI 2097152-edge      megasas
  51:          0      24772          0          0          0          0          0          0          0          0          0          0          0          0          0          0          0          0          0          0          0          0          0          0  IR-PCI-MSI 2097153-edge      megasas
  52:          0          0      24402          0          0          0          0          0          0          0          0          0          0          0          0          0          0          0          0          0          0          0          0          0  IR-PCI-MSI 2097154-edge      megasas
  53:          0          0          0      21589          0          0          0          0          0          0          0          0          0          0          0          0          0          0          0          0          0          0          0          0  IR-PCI-MSI 2097155-edge      megasas
  54:          0          0          0          0      22585          0          0          0          0          0          0          0          0          0          0          0          0          0          0          0          0          0          0          0  IR-PCI-MSI 2097156-edge      megasas
  55:          0          0          0          0          0      85128          0          0          0          0          0          0          0          0          0          0          0          0          0          0          0          0          0          0  IR-PCI-MSI 2097157-edge      megasas
  56:          0          0          0          0          0          0          0          0          0          0          0          0          0          0          0          0      36907          0          0          0          0          0          0          0  IR-PCI-MSI 2097158-edge      megasas
  57:          0          0          0          0          0          0          0          0          0          0          0          0          0          0          0          0          0      35643          0          0          0          0          0          0  IR-PCI-MSI 2097159-edge      megasas
  58:          0          0          0          0          0          0      74242          0          0          0          0          0          0          0          0          0          0          0          0          0          0          0          0          0  IR-PCI-MSI 2097160-edge      megasas
  59:          0          0          0          0          0          0          0      15972          0          0          0          0          0          0          0          0          0          0          0          0          0          0          0          0  IR-PCI-MSI 2097161-edge      megasas
  60:          0          0          0          0          0          0          0          0      13292          0          0          0          0          0          0          0          0          0          0          0          0          0          0          0  IR-PCI-MSI 2097162-edge      megasas
  61:          0          0          0          0          0          0          0          0          0      11258          0          0          0          0          0          0          0          0          0          0          0          0          0          0  IR-PCI-MSI 2097163-edge      megasas
  62:          0          0          0          0          0          0          0          0          0          0       6751          0          0          0          0          0          0          0          0          0          0          0          0          0  IR-PCI-MSI 2097164-edge      megasas
  63:          0          0          0          0          0          0          0          0          0          0          0       8109          0          0          0          0          0          0          0          0          0          0          0          0  IR-PCI-MSI 2097165-edge      megasas
  64:          0          0          0          0          0          0          0          0          0          0          0          0          0          0          0          0          0          0          0          0          0          0       6699          0  IR-PCI-MSI 2097166-edge      megasas
  65:          0          0          0          0          0          0          0          0          0          0          0          0          0          0          0          0          0          0          0          0          0          0          0       6377  IR-PCI-MSI 2097167-edge      megasas
  66:          1          0          0          0          0          0          0          0          0          0          0          0          0          0          0          0          0          0          0          0          0          0          0          0  IR-PCI-MSI 3145728-edge      isci-msix
  67:          0          0          0          0          0          0          0          0          0          0          0          0          0          0          0          0          0          0          0          0          0          0          0          0  IR-PCI-MSI 3145729-edge      isci-msix
  68:         10          0          0          0          0          0     101359      74466      23394      61048      49438      23305          0          0          0          0          0          0      65486      38985     167677     129490     336634       6790  IR-PCI-MSI 69206016-edge      eth2-TxRx-0
  69:          0          9          0          0          0          0      11665      59617     135983      59908      67434     214818          0          0          0          0          0          0     133214     130263      92792      77584      37445      38169  IR-PCI-MSI 69206017-edge      eth2-TxRx-1
  70:          0          0         12          0          0          0      55449     115282      23573      62867      11535     195946          0          0          0          0          0          0     256025     197160        215      67211      57999      49746  IR-PCI-MSI 69206018-edge      eth2-TxRx-2
  71:          0          0          0          9          0          0      11413      65502      84279     122873      29693     220103          0          0          0          0          0          0     202565      63300     105841       3274     183760       1314  IR-PCI-MSI 69206019-edge      eth2-TxRx-3
  72:          0          0          0          0          0          0          0          0          0          0          0          0          0          0          0          0          0          0          0          0          0          0          0          0  DMAR-MSI    0-edge      dmar0
  73:          0          0          0          0          0          0          0          0          0          0          0          0          0          0          0          0          0          0          0          0          0          0          0          0  DMAR-MSI    1-edge      dmar1
  74:          0          0          0          0          9          0      76863      48618     257749     143052      50172     132199          0          0          0          0          0          0        243     216442      26552      87470      21573       3472  IR-PCI-MSI 69206020-edge      eth2-TxRx-4
  75:          0          0          0          0          0          9     137175     126133     104303     269262     175984      72037          0          0          0          0          0          0      51498      78884       5850      29524       3837      11287  IR-PCI-MSI 69206021-edge      eth2-TxRx-5
  76:          0          0          0          0          0          0      35482      58205      92846     319159       3004     171899          0          0          0          0          0          0      95048       6026      16146     161254     161649       3030  IR-PCI-MSI 69206022-edge      eth2-TxRx-6
  77:          0          0          0          0          0          0     160162       8671      25978     292830      20741     126195          0          0          0          0          0          0      70273     103817      79060     162153      34678      45871  IR-PCI-MSI 69206023-edge      eth2-TxRx-7
  78:          0          0          0          0          0          0      71947     220171     174999      47208      26961      72929          0          0          0          0          0          0       8988      77033      69949     136487     208948      14420  IR-PCI-MSI 69206024-edge      eth2-TxRx-8
  79:          0          0          0          0          0          0      31664      33446      27354     392819     169622      53344          0          0          0          0          0          0     105898      23230      15315     243548      87958      23688  IR-PCI-MSI 69206025-edge      eth2-TxRx-9
  80:          0          0          0          0          0          0      60508      43296     212013      66873      56876     142025          0          0          0          0          0          0      78187     227468      20031      49156     142237      26022  IR-PCI-MSI 69206026-edge      eth2-TxRx-10
  81:          0          0          0          0          0          0      53286     214131     110023      10355      21217     174406          0          0          0          0          0          0      27780     118157      58451     266768      82861       1033  IR-PCI-MSI 69206027-edge      eth2-TxRx-11
  82:          0          0          0          0          0          0      36841     241084      57484      27004      33237       8595          9          0          0          0          0          0     109449     165907     172236     101296     111179       4437  IR-PCI-MSI 69206028-edge      eth2-TxRx-12
  83:          0          0          0          0          0          0       8009     239205      28832      30849      26589     235453          0          9          0          0          0          0      25911        924      48099      94442     308980      34367  IR-PCI-MSI 69206029-edge      eth2-TxRx-13
  84:          0          0          0          0          0          0      61977      82992      51875      96648     193596      35980          0          0          9          0          0          0     168779       7849     110664     196602      49389      14182  IR-PCI-MSI 69206030-edge      eth2-TxRx-14
  85:          0          0          0          0          0          0     216852      95972      12019     136746      61517      49072          0          0          0          9          0          0     104483      84525      51639      69761      10816     172666  IR-PCI-MSI 69206031-edge      eth2-TxRx-15
  86:          0          0          0          0          0          0      35165      35914      59519        239     110920     318682          0          0          0          0          9          0      50773      18595      73822      97801     152080     101295  IR-PCI-MSI 69206032-edge      eth2-TxRx-16
  87:          0          0          0          0          0          0      53964     115387      53461     124179     206427      78629          0          0          0          0          0          9      78907      17171      76827      27068      95199     126926  IR-PCI-MSI 69206033-edge      eth2-TxRx-17
  88:          0          0          0          0          0          0      39500      57641     193495     127685      37034      47145          0          0          0          0          0          0     205880     103420     217999      25640      67991       2917  IR-PCI-MSI 69206034-edge      eth2-TxRx-18
  89:          0          0          0          0          0          0     149718      56805     215008      35596     199808      37159          0          0          0          0          0          0      48093      86653     109135       4104     143537      42854  IR-PCI-MSI 69206035-edge      eth2-TxRx-19
  90:          0          0          0          0          0          0     112652     219721      51624      25156      97353     306670          0          0          0          0          0          0      33682     150001       2960      74108      14938      51011  IR-PCI-MSI 69206036-edge      eth2-TxRx-20
  91:          0          0          0          0          0          0      19732     143701       6380     142372      17719      66621          0          0          0          0          0          0     255310      45107     231554      65555     126648       2492  IR-PCI-MSI 69206037-edge      eth2-TxRx-21
  92:          0          0          0          0          0          0     219096     144242      44577     227028      55412      77889          0          0          0          0          0          0     233353      27677      59452      15817      23262       2400  IR-PCI-MSI 69206038-edge      eth2-TxRx-22
  93:          0          0          0          0          0          0     100877      51365      18718      76954     209475     114363          0          0          0          0          0          0      98113      70497      53620      33874     161434      84717  IR-PCI-MSI 69206039-edge      eth2-TxRx-23
  94:          0          0          0          0          0          0          2          0          0          0          6          0          0          0          0          0          0          0          0          0          0          0          0          0  IR-PCI-MSI 69206040-edge      eth2
  96:          8          0          0          0          0          0    3456372      43363     284180     328975    2467430   16825338          0          0          0          0          0          0    2401872      48520     733995    4558140    2010793    3157436  IR-PCI-MSI 69208064-edge      eth3-TxRx-0
  97:          0          6          0          0          0          0    7391212     112863    6236327     477598      93760    8568366          0          0          0          0          0          0     223666    3618581     320710     241320    1799886     419541  IR-PCI-MSI 69208065-edge      eth3-TxRx-1
  98:          0          0          6          0          0          0     630828      97013   12022027    3292436    4726963      44386          0          0          0          0          0          0     131526    5645501     563846     189789    1072624     149346  IR-PCI-MSI 69208066-edge      eth3-TxRx-2
  99:          0          0          0          6          0          0     673653    3579338    8724649    1049503     134235     250065          0          0          0          0          0          0     286010     395012    5541348    4491892    4599755     146172  IR-PCI-MSI 69208067-edge      eth3-TxRx-3
 100:          0          0          0          0          6          0    8859164    1680399     194986    4416495    2818530      60803          0          0          0          0          0          0    3841603     182013     126486     376796    1014946    5341195  IR-PCI-MSI 69208068-edge      eth3-TxRx-4
 101:          0          0          0          0          0          6     103189    7022095    1131704    1256672     489276    6845987          0          0          0          0          0          0     294794    3700040     596486    4696938     935886     916748  IR-PCI-MSI 69208069-edge      eth3-TxRx-5
 102:          0          0          0          0          0          0     602784      64272      49326    1430506     103008    3211337          0          0          0          0          0          0   15556595    5515203    4361580      21941      49736    4740119  IR-PCI-MSI 69208070-edge      eth3-TxRx-6
 103:          0          0          0          0          0          0    1786663      89470     153748     458047    7917681    9945207          0          0          0          0          0          0    6206909     301105      30351    2116361    5955020     120118  IR-PCI-MSI 69208071-edge      eth3-TxRx-7
 104:          0          0          0          0          0          0    1405381     125472    5016069    4789052    1556801      12269          0          0          0          0          0          0    2981515     176214    4495123    9408318    2300447    3320307  IR-PCI-MSI 69208072-edge      eth3-TxRx-8
 105:          0          0          0          0          0          0    1088414    7731124    1278921    2811900     909585     798756          0          0          0          0          0          0      89704      91614    9303955    2819672    7391414     688090  IR-PCI-MSI 69208073-edge      eth3-TxRx-9
 106:          0          0          0          0          0          0    4630135    8338108     649072     862672    7032338    6146610          0          0          0          0          0          0     513395      26005    4069451     813080     284507    2318711  IR-PCI-MSI 69208074-edge      eth3-TxRx-10
 107:          0          0          0          0          0          0     105893   12182709      87882    5637983     664861    2311125          0          0          0          0          0          0     505670     203373   12626903     710291     975873      90186  IR-PCI-MSI 69208075-edge      eth3-TxRx-11
 108:          0          0          0          0          0          0    7728901      70506    5302395    6939366     166977     152905          6          0          0          0          0          0     119133    2852596    3822276      14911    1286202     195097  IR-PCI-MSI 69208076-edge      eth3-TxRx-12
 109:          0          0          0          0          0          0     103320     256271    4162015     206898    2937652     199757          0          6          0          0          0          0    5114002     611732    1653504     181630      89571   12406502  IR-PCI-MSI 69208077-edge      eth3-TxRx-13
 110:          0          0          0          0          0          0    2705207    1222432     215313     883817    8872248     109674          0          0          6          0          0          0    2733306    7681665    1508395     360548      80005    1834655  IR-PCI-MSI 69208078-edge      eth3-TxRx-14
 111:          0          0          0          0          0          0     344068    6685535     568750    1653583      55248     441161          0          0          0          6          0          0    4361659    3321408    3010244    3142797      57840    4369050  IR-PCI-MSI 69208079-edge      eth3-TxRx-15
 112:          0          0          0          0          0          0     352841     423446    5105487     252571    4318012      65244          0          0          0          0          6          0     128404     168534     144649     122841   11412156      65885  IR-PCI-MSI 69208080-edge      eth3-TxRx-16
 113:          0          0          0          0          0          0     944949     167727     275761      39886      52101     190871          0          0          0          0          0          6     191974   12937655    3118536      83178    2873240    1607870  IR-PCI-MSI 69208081-edge      eth3-TxRx-17
 114:          0          0          0          0          0          0   18094192      44875     114612      26117      42171     105100          0          0          0          0          0          0     191718    4596217     485955      59220     129311    8307550  IR-PCI-MSI 69208082-edge      eth3-TxRx-18
 115:          0          0          0          0          0          0    2209017      94072     754949     402913   11202331    1086205          0          0          0          0          0          0    3018980    1845313     113385       8761   10707488     116220  IR-PCI-MSI 69208083-edge      eth3-TxRx-19
 116:          0          0          0          0          0          0      86298    1656459     155505    9187467    3352995      91617          0          0          0          0          0          0     118214     230460      66486    9550637      61392    7796769  IR-PCI-MSI 69208084-edge      eth3-TxRx-20
 117:          0          0          0          0          0          0     127718     708051   11883836     668597     652701      72657          0          0          0          0          0          0    5263927     165919    7098923     563553    4556462     278029  IR-PCI-MSI 69208085-edge      eth3-TxRx-21
 118:          0          0          0          0          0          0     264934    5635752     984723    1981145     192351     829411          0          0          0          0          0          0    3599151    5610434      50286   11273346    1539686     285003  IR-PCI-MSI 69208086-edge      eth3-TxRx-22
 119:          0          0          0          0          0          0     109979      47220     168362    7059758    3187767     544841          0          0          0          0          0          0    1171185    6238253    1419560    2992555       7657    9011168  IR-PCI-MSI 69208087-edge      eth3-TxRx-23
 120:          0          0          0          0          0          0        100        129         12         50        257         71          0          0          0          0          0          0         10        144         10         27         76        354  IR-PCI-MSI 69208088-edge      eth3
 122:          2          0          0          0          0          0          0          0          0          0          0          0          0          0          0          0          0          0          0          0          0          0          0          0  IR-PCI-MSI 65536-edge      ioat-msix
 124:          2          0          0          0          0          0          0          0          0          0          0          0          0          0          0          0          0          0          0          0          0          0          0          0  IR-PCI-MSI 67584-edge      ioat-msix
 125:          2          0          0          0          0          0          0          0          0          0          0          0          0          0          0          0          0          0          0          0          0          0          0          0  IR-PCI-MSI 69632-edge      ioat-msix
 126:          2          0          0          0          0          0          0          0          0          0          0          0          0          0          0          0          0          0          0          0          0          0          0          0  IR-PCI-MSI 71680-edge      ioat-msix
 127:          2          0          0          0          0          0          0          0          0          0          0          0          0          0          0          0          0          0          0          0          0          0          0          0  IR-PCI-MSI 73728-edge      ioat-msix
 128:          2          0          0          0          0          0          0          0          0          0          0          0          0          0          0          0          0          0          0          0          0          0          0          0  IR-PCI-MSI 75776-edge      ioat-msix
 129:          2          0          0          0          0          0          0          0          0          0          0          0          0          0          0          0          0          0          0          0          0          0          0          0  IR-PCI-MSI 77824-edge      ioat-msix
 130:          2          0          0          0          0          0          0          0          0          0          0          0          0          0          0          0          0          0          0          0          0          0          0          0  IR-PCI-MSI 79872-edge      ioat-msix
 132:          0          0          0          0          0          0          2          0          0          0          0          0          0          0          0          0          0          0          0          0          0          0          0          0  IR-PCI-MSI 67174400-edge      ioat-msix
 134:          0          0          0          0          0          0          2          0          0          0          0          0          0          0          0          0          0          0          0          0          0          0          0          0  IR-PCI-MSI 67176448-edge      ioat-msix
 135:          0          0          0          0          0          0          2          0          0          0          0          0          0          0          0          0          0          0          0          0          0          0          0          0  IR-PCI-MSI 67178496-edge      ioat-msix
 136:          0          0          0          0          0          0          2          0          0          0          0          0          0          0          0          0          0          0          0          0          0          0          0          0  IR-PCI-MSI 67180544-edge      ioat-msix
 137:          0          0          0          0          0          0          2          0          0          0          0          0          0          0          0          0          0          0          0          0          0          0          0          0  IR-PCI-MSI 67182592-edge      ioat-msix
 138:          0          0          0          0          0          0          2          0          0          0          0          0          0          0          0          0          0          0          0          0          0          0          0          0  IR-PCI-MSI 67184640-edge      ioat-msix
 139:          0          0          0          0          0          0          2          0          0          0          0          0          0          0          0          0          0          0          0          0          0          0          0          0  IR-PCI-MSI 67186688-edge      ioat-msix
 140:          0          0          0          0          0          0          2          0          0          0          0          0          0          0          0          0          0          0          0          0          0          0          0          0  IR-PCI-MSI 67188736-edge      ioat-msix
 NMI:       3337       2942       3544       3587       3535       3359       5597       5641       5538       5537       5530       5577       2976       2898       2974       2959       2886       2870       4829       4811       4585       4677       4685       4664   Non-maskable interrupts
 LOC:  511915730  575876363  745351074  757219226  744665345  704076400 1176546382 1192137350 1169293134 1171502135 1169391943 1181007205  741235120  735872188  739023261  731834752  712566944  710701075 1186447671 1166584603 1109281128 1162325189 1134902957 1137005794   Local timer interrupts
 SPU:          0          0          0          0          0          0          0          0          0          0          0          0          0          0          0          0          0          0          0          0          0          0          0          0   Spurious interrupts
 PMI:       3337       2942       3544       3587       3535       3359       5597       5641       5538       5537       5530       5577       2976       2898       2974       2959       2886       2870       4829       4811       4585       4677       4685       4664   Performance monitoring interrupts
 IWI:          0          0          0          0          0          0          3          0          1          0          1          4          0          0          0          0          0          0          0          0          0          0          0          0   IRQ work interrupts
 RTR:          0          0          0          0          0          0          0          0          0          0          0          0          0          0          0          0          0          0          0          0          0          0          0          0   APIC ICR read retries
 RES:  188953746   11466277    2476275    1357796    1140394    1098026    1753113    1845515    1938291    1820863    1888892    1872868     959390     993638     978917     975640     971910     972000    1678690    1798935    1877409    1829784    1876364    1962710   Rescheduling interrupts
 CAL:    1553704    1494580    1480169    1461433    1447512    1426613    1239177    1240389    1202246    1206908    1195623    1207686    1434586    1420445    1402048    1382324    1359732    1344528    1254112    1223231    1227751    1254202    1239410    1215979   Function call interrupts
 TLB:    1296051    1229563    1215327    1192538    1176918    1152139     966077     964748     946380     940184     934048     939774    1143281    1125394    1106095    1082319    1068229    1048372     961984     932108     939384     975083     948758     925961   TLB shootdowns
 TRM:          0          0          0          0          0          0          0          0          0          0          0          0          0          0          0          0          0          0          0          0          0          0          0          0   Thermal event interrupts
 THR:          0          0          0          0          0          0          0          0          0          0          0          0          0          0          0          0          0          0          0          0          0          0          0          0   Threshold APIC interrupts
 DFR:          0          0          0          0          0          0          0          0          0          0          0          0          0          0          0          0          0          0          0          0          0          0          0          0   Deferred Error APIC interrupts
 MCE:          0          0          0          0          0          0          0          0          0          0          0          0          0          0          0          0          0          0          0          0          0          0          0          0   Machine check exceptions
 MCP:       6339       6339       6339       6339       6339       6339       6339       6339       6339       6339       6339       6339       6339       6339       6339       6339       6339       6339       6339       6339       6339       6339       6339       6339   Machine check polls
 ERR:          0
 MIS:          0
 PIN:          0          0          0          0          0          0          0          0          0          0          0          0          0          0          0          0          0          0          0          0          0          0          0          0   Posted-interrupt notification event
 NPI:          0          0          0          0          0          0          0          0          0          0          0          0          0          0          0          0          0          0          0          0          0          0          0          0   Nested posted-interrupt event
 PIW:          0          0          0          0          0          0          0          0          0          0          0          0          0          0          0          0          0          0          0          0          0          0          0          0   Posted-interrupt wakeup event
